0.977673
0.967393
0.960541
0.969429
0.968287
0.964777
0.963165
0.965786
0.965198
0.962731
0.961761
0.956241
0.962767
0.967836
0.971437
0.960955
0.969168
0.951592
0.964167
0.964018
0.961238
0.976922
0.955502
0.973197
0.971954
0.961278
0.975012
0.961858
0.965798
0.961378
0.976265
0.960823
0.975107
0.968084
0.976593
0.965292
0.951130
0.970067
0.971877
0.973191
0.976716
0.971741
0.960701
0.968191
0.965968
0.966313
0.965306
0.966587
0.963531
0.970296
0.972048
0.968444
0.959860
0.968499
0.952936
0.967353
0.966123
0.967021
0.954129
0.968117
0.953673
0.964146
0.973848
0.967613
0.972560
0.972516
0.977001
0.962946
0.956646
0.971436
0.971685
0.965541
0.956819
0.966466
0.964774
0.968634
0.969514
0.961316
0.958933
0.971939
0.976703
0.962990
0.957511
0.965513
0.969664
0.976135
0.970187
0.953897
0.963448
0.956266
0.954286
0.974564
0.962635
0.963327
0.963130
0.963357
0.948046
0.967921
0.965533
0.974823
0.966556
0.969667
0.962123
0.962426
0.969852
0.973252
0.966075
0.964976
0.948560
0.957150
0.973053
0.973223
0.959086
0.969464
0.963388
0.969887
0.968496
0.967470
0.969733
0.977637
0.964246
0.964827
0.965021
0.953209
0.962385
0.964888
0.964274
0.959395
0.960697
0.964503
0.970704
0.947621
0.954992
0.962889
0.971862
0.966215
0.966677
0.965621
0.953748
0.975352
0.963048
0.970303
0.968949
0.977734
0.976210
0.962563
0.954400
0.962232
0.970538
0.959881
0.964039
0.968701
0.966034
0.971681
0.970301
0.963810
0.969568
0.963526
0.960463
0.971191
0.958706
0.961777
0.962126
0.967240
0.955724
0.972949
0.965220
0.972424
0.971930
